{"camera_angle_x": 0.8575560548920328, "frames": [{"file_path": "./output3/train/1", "rotation": 0, "transform_matrix": [[-0.6563113252013331, -0.290919483067465, 0.6961474691358354, 7.481130123138428], [0.7544901884136527, -0.25306329855063864, 0.6055605027692947, 6.5076398849487305], [2.638547596588586e-08, 0.9226726512140853, 0.3855842044243644, 4.143670082092285], [0.0, 0.0, 0.0, 1.0]]}, {"file_path": "./output3/train/2", "rotation": 0, "transform_matrix": [[-0.6563113331933328, -0.3579407660148543, 0.6641790737042906, 7.481130123138428], [0.7544901814616211, -0.31136335813625937, 0.5777520448151799, 6.5076398849487305], [1.7304604100911774e-08, 0.8803018046299865, 0.4744140941890206, 5.343669891357422], [0.0, 0.0, 0.0, 1.0]]}, {"file_path": "./output3/train/3", "rotation": 0, "transform_matrix": [[-0.65631132497482, -0.4155809522759392, 0.6297205069038327, 7.481130123138428], [0.7544901886106908, -0.36150305366694707, 0.5477774160000364, 6.5076398849487305], [2.60258848972142e-08, 0.8346304657121595, 0.5508102992002814, 6.543670177459717], [0.0, 0.0, 0.0, 1.0]]}, {"file_path": "./output3/train/4", "rotation": 0, "transform_matrix": [[-0.656311303165004, -0.46439326937096836, 0.5946380114832868, 7.481130123138428], [0.7544902075824801, -0.4039635447802708, 0.5172600710964497, 6.5076398849487305], [-1.655165989374969e-08, 0.7881321880569916, 0.6155060147135024, 7.7436699867248535], [0.0, 0.0, 0.0, 1.0]]}, {"file_path": "./output3/train/5", "rotation": 0, "transform_matrix": [[-0.6563112981002852, -0.5053432912634659, 0.5602531909422083, 7.481130123138428], [0.7544902119881464, -0.43958488607861645, 0.4873496157229755, 6.5076398849487305], [-2.3689921800909813e-08, 0.7425586077248434, 0.6697810941596827, 8.943670272827148], [0.0, 0.0, 0.0, 1.0]]}, {"file_path": "./output3/train/6", "rotation": 0, "transform_matrix": [[-0.6563113495739133, -0.5395393651570908, 0.5274018258087013, 7.481130123138428], [0.7544901672125809, -0.4693312509327028, 0.4587731078403309, 6.5076398849487305], [7.2956715713171044e-09, 0.6990174892975337, 0.7151045725319983, 10.143670082092285], [0.0, 0.0, 0.0, 1.0]]}, {"file_path": "./output3/train/7", "rotation": 0, "transform_matrix": [[-0.9767820598838686, -0.08260578744939175, 0.19766914622391926, 2.124246120452881], [0.21423540204417021, -0.37663174939111255, 0.9012500861922641, 9.685259819030762], [3.284218189645829e-09, 0.9226726446744027, 0.3855842200733115, 4.143670082092285], [0.0, 0.0, 0.0, 1.0]]}, {"file_path": "./output3/train/8", "rotation": 0, "transform_matrix": [[-0.976782061655543, -0.1016362953726162, 0.1885918012292087, 2.124246120452881], [0.2142353939664197, -0.4633991917874897, 0.859863003636483, 9.685259819030762], [-1.9502203304249507e-09, 0.8803017962685479, 0.47441410970413633, 5.343669891357422], [0.0, 0.0, 0.0, 1.0]]}, {"file_path": "./output3/train/9", "rotation": 0, "transform_matrix": [[-0.9767820606111641, -0.11800305635528394, 0.17880739570560117, 2.124246120452881], [0.21423539872814606, -0.5380215631398562, 0.815252103050546, 9.685259819030762], [-5.321542955516176e-09, 0.8346305028498282, 0.5508102429264026, 6.543670177459717], [0.0, 0.0, 0.0, 1.0]]}, {"file_path": "./output3/train/10", "rotation": 0, "transform_matrix": [[-0.9767820604749375, -0.13186318175850015, 0.16884581022595754, 2.124246120452881], [0.21423539934925623, -0.6012152426111959, 0.7698333752946969, 9.685259819030762], [-3.5313613174560707e-09, 0.7881321801249368, 0.6155060248701991, 7.7436699867248535], [0.0, 0.0, 0.0, 1.0]]}, {"file_path": "./output3/train/11", "rotation": 0, "transform_matrix": [[-0.9767820615340689, -0.14349082129941684, 0.1590823323567814, 2.124246120452881], [0.2142353945202673, -0.6542302069109266, 0.7253178834828435, 9.685259819030762], [8.409541938021524e-09, 0.7425585637295586, 0.6697811429354329, 8.943670272827148], [0.0, 0.0, 0.0, 1.0]]}, {"file_path": "./output3/train/12", "rotation": 0, "transform_matrix": [[-0.9767820595648492, -0.153200718482115, 0.14975429198796167, 2.124246120452881], [0.21423540349870246, -0.6985012981123951, 0.6827877623559517, 9.685259819030762], [-8.412233544143272e-09, 0.6990175079294245, 0.7151045543192527, 10.143670082092285], [0.0, 0.0, 0.0, 1.0]]}, {"file_path": "./output3/train/13", "rotation": 0, "transform_matrix": [[-0.9118373090063495, 0.1583022526777108, -0.3788048556991067, -4.0708160400390625], [-0.41055172865798306, -0.35158998387209955, 0.8413273805937607, 9.041301727294922], [2.648150813159925e-08, 0.9226726830452816, 0.38558412825480803, 4.143670082092285], [0.0, 0.0, 0.0, 1.0]]}, {"file_path": "./output3/train/14", "rotation": 0, "transform_matrix": [[-0.9118373128582565, 0.19477153449305257, -0.36140941358887657, -4.0708160400390625], [-0.4105517201028806, -0.43258849765727786, 0.8026920186567108, 9.041301727294922], [9.354836378736235e-10, 0.8803017897549914, 0.47441412179040265, 5.343669891357422], [0.0, 0.0, 0.0, 1.0]]}, {"file_path": "./output3/train/15", "rotation": 0, "transform_matrix": [[-0.9118373073846705, 0.2261361214515555, -0.3426589841756978, -4.0708160400390625], [-0.41055173225974056, -0.5022493643821382, 0.7610472068907844, 9.041301727294922], [6.605748158846e-09, 0.8346304754516128, 0.5508102844423063, 6.543670177459717], [0.0, 0.0, 0.0, 1.0]]}, {"file_path": "./output3/train/16", "rotation": 0, "transform_matrix": [[-0.9118373170108867, 0.2526970438823922, -0.32356902095146245, -4.0708160400390625], [-0.41055171087986914, -0.5612413446045061, 0.7186483464116077, 9.041301727294922], [3.380202482832751e-10, 0.7881321952056178, 0.6155060055599568, 7.7436699867248535], [0.0, 0.0, 0.0, 1.0]]}, {"file_path": "./output3/train/17", "rotation": 0, "transform_matrix": [[-0.9118373112770869, 0.2749797946426231, -0.30485870547070465, -4.0708160400390625], [-0.41055172361466585, -0.610731411377157, 0.6770926268940557, 9.041301727294922], [4.034625220122512e-09, 0.742558587382549, 0.669781116712343, 8.943670272827148], [0.0, 0.0, 0.0, 1.0]]}, {"file_path": "./output3/train/18", "rotation": 0, "transform_matrix": [[-0.911837315352473, 0.29358740873610617, -0.28698282834067457, -4.0708160400390625], [-0.4105517145632137, -0.6520590282919395, 0.6373902362698829, 9.041301727294922], [3.635876628737513e-09, 0.6990174940976728, 0.7151045678398439, 10.143670082092285], [0.0, 0.0, 0.0, 1.0]]}, {"file_path": "./output3/train/19", "rotation": 0, "transform_matrix": [[-0.48710278101832216, 0.3367478770953938, -0.8058112359578772, -8.659628868103027], [-0.873344651740775, -0.1878191010583277, 0.44943642993578703, 4.8298563957214355], [2.1709900482832227e-08, 0.9226726681491041, 0.38558416390019473, 4.143670082092285], [0.0, 0.0, 0.0, 1.0]]}, {"file_path": "./output3/train/20", "rotation": 0, "transform_matrix": [[-0.48710278140789265, 0.4143270348997805, -0.7688068603334981, -8.659628868103027], [-0.873344651523494, -0.23108839885151838, 0.4287974715078767, 4.8298563957214355], [3.8561850647814626e-08, 0.8803018005589888, 0.4744141017429824, 5.343669891357422], [0.0, 0.0, 0.0, 1.0]]}, {"file_path": "./output3/train/21", "rotation": 0, "transform_matrix": [[-0.487102780100473, 0.481047204476746, -0.7289200701609871, -8.659628868103027], [-0.8733446522527006, -0.2683012197220121, 0.40655082569992446, 4.8298563957214355], [-5.723386021948841e-09, 0.8346304826453375, 0.5508102735418173, 6.543670177459717], [0.0, 0.0, 0.0, 1.0]]}, {"file_path": "./output3/train/22", "rotation": 0, "transform_matrix": [[-0.4871027835923892, 0.5375488534905921, -0.6883110549217526, -8.659628868103027], [-0.8733446503051049, -0.29981466824733277, 0.3839014020385909, 4.8298563957214355], [7.936938515104853e-09, 0.7881322191197945, 0.6155059749387557, 7.7436699867248535], [0.0, 0.0, 0.0, 1.0]]}, {"file_path": "./output3/train/23", "rotation": 0, "transform_matrix": [[-0.48710276745721903, 0.5849497435724632, -0.6485095923963098, -8.659628868103027], [-0.8733446593043999, -0.3262522301065083, 0.3617023478151775, 4.8298563957214355], [-5.160712838382981e-09, 0.742558603643537, 0.6697810986844586, 8.943670272827148], [0.0, 0.0, 0.0, 1.0]]}, {"file_path": "./output3/train/24", "rotation": 0, "transform_matrix": [[-0.4871027816061795, 0.6245327497860971, -0.610483189445982, -8.659628868103027], [-0.8733446514129014, -0.34832943390529514, 0.34049335577026196, 4.8298563957214355], [-1.2025320411921856e-08, 0.6990174889942546, 0.7151045728284549, 10.143670082092285], [0.0, 0.0, 0.0, 1.0]]}, {"file_path": "./output3/train/25", "rotation": 0, "transform_matrix": [[0.12983122167758984, 0.38232063804068467, -0.9148632595125177, -9.83155345916748], [-0.9915361082067077, 0.050060886195732804, -0.11979171004536943, -1.2873377799987793], [2.250258296569652e-08, 0.922672659940383, 0.3855841835430207, 4.143670082092285], [0.0, 0.0, 0.0, 1.0]]}, {"file_path": "./output3/train/26", "rotation": 0, "transform_matrix": [[0.12983114893214528, 0.47039873567218166, -0.872851019501594, -9.83155345916748], [-0.991536117731956, 0.06159373357187112, -0.1142905911163219, -1.2873377799987793], [3.5827731779562577e-09, 0.8803017899917565, 0.47441412135107197, 5.343669891357422], [0.0, 0.0, 0.0, 1.0]]}, {"file_path": "./output3/train/27", "rotation": 0, "transform_matrix": [[0.1298311301449041, 0.5461483027608716, -0.8275662565841578, -9.83155345916748], [-0.9915361201919458, 0.07151232436828334, -0.10836101613656297, -1.2873377799987793], [1.5286650799801132e-09, 0.8346304684438884, 0.5508102950609539, 6.543670177459717], [0.0, 0.0, 0.0, 1.0]]}, {"file_path": "./output3/train/28", "rotation": 0, "transform_matrix": [[0.1298310908190212, 0.6102964345929413, -0.7814615472177032, -9.83155345916748], [-0.9915361253412518, 0.07991180711847441, -0.10232406963328228, -1.2873377799987793], [-1.0438466360837326e-08, 0.7881322002089518, 0.6155059991533764, 7.7436699867248535], [0.0, 0.0, 0.0, 1.0]]}, {"file_path": "./output3/train/29", "rotation": 0, "transform_matrix": [[0.129831167407575, 0.6641121528416798, -0.7362736695126176, -9.83155345916748], [-0.9915361153127937, 0.0869584531351961, -0.09640725833020986, -1.2873377799987793], [-1.2494247809165762e-08, 0.7425586009712116, 0.6697811016471551, 8.943670272827148], [0.0, 0.0, 0.0, 1.0]]}, {"file_path": "./output3/train/30", "rotation": 0, "transform_matrix": [[0.12983121662879146, 0.7090519996199967, -0.6931010871608646, -9.83155345916748], [-0.9915361088677952, 0.09284289874598418, -0.0907542889551515, -1.2873377799987793], [3.998266525169551e-09, 0.6990174947648503, 0.7151045671876756, 10.143670082092285], [0.0, 0.0, 0.0, 1.0]]}, {"file_path": "./output3/train/31", "rotation": 0, "transform_matrix": [[0.6955367985027053, 0.27703854384380167, -0.6629315252373452, -7.124176025390625], [-0.7184904744870364, 0.26818799052614767, -0.6417527871454398, -6.896578788757324], [1.5951363902715323e-08, 0.9226726651215222, 0.38558417114496135, 4.143670082092285], [0.0, 0.0, 0.0, 1.0]]}, {"file_path": "./output3/train/32", "rotation": 0, "transform_matrix": [[0.6955367483128609, 0.34086203370458457, -0.632488502445022, -7.124176025390625], [-0.7184905230734584, 0.3299724285261849, -0.6122822589836815, -6.896578788757324], [-8.831741018409354e-09, 0.880301806422835, 0.47441409086229036, 5.343669891357422], [0.0, 0.0, 0.0, 1.0]]}, {"file_path": "./output3/train/33", "rotation": 0, "transform_matrix": [[0.6955367738768888, 0.3957519475181712, -0.5996740716593505, -7.124176025390625], [-0.718490498326129, 0.3831088044429211, -0.580516190793492, -6.896578788757324], [3.5764775968409626e-09, 0.8346304811075916, 0.5508102758719282, 6.543670177459717], [0.0, 0.0, 0.0, 1.0]]}, {"file_path": "./output3/train/34", "rotation": 0, "transform_matrix": [[0.6955367788885098, 0.442235225784007, -0.5662654803969287, -7.124176025390625], [-0.7184904934746152, 0.4281070736188551, -0.5481749212651961, -6.896578788757324], [-2.3707399335984387e-09, 0.7881321834522864, 0.6155060206096538, 7.7436699867248535], [0.0, 0.0, 0.0, 1.0]]}, {"file_path": "./output3/train/35", "rotation": 0, "transform_matrix": [[0.6955367771586748, 0.4812313637502093, -0.5335212893248382, -7.124176025390625], [-0.7184904951491868, 0.4658574174525813, -0.516476790363989, -6.896578788757324], [1.9828647183202538e-08, 0.742558577586661, 0.6697811275726381, 8.943670272827148], [0.0, 0.0, 0.0, 1.0]]}, {"file_path": "./output3/train/36", "rotation": 0, "transform_matrix": [[0.6955367499133808, 0.5137958609718509, -0.5022374366453835, -7.124176025390625], [-0.7184905215240706, 0.49738150175295814, -0.48619236130778637, -6.896578788757324], [-1.2400834250482996e-08, 0.6990174926009838, 0.7151045693028631, 10.143670082092285], [0.0, 0.0, 0.0, 1.0]]}, {"file_path": "./output3/train/37", "rotation": 0, "transform_matrix": [[0.9867997369215005, 0.062443554000182255, -0.14942249420848172, -1.6057647466659546], [-0.1619452969729514, 0.38049444116839337, -0.9104931087209253, -9.784589767456055], [2.8306348500238134e-09, 0.9226726303536799, 0.38558425434167, 4.143670082092285], [0.0, 0.0, 0.0, 1.0]]}, {"file_path": "./output3/train/38", "rotation": 0, "transform_matrix": [[0.9867997385629635, 0.0768291254675908, -0.14256072899628505, -1.6057647466659546], [-0.1619452869708379, 0.4681516977674919, -0.8686815940868945, -9.784589767456055], [1.3109335717643295e-10, 0.8803018081074809, 0.4744140877363359, 5.343669891357422], [0.0, 0.0, 0.0, 1.0]]}, {"file_path": "./output3/train/39", "rotation": 0, "transform_matrix": [[0.9867997382379426, 0.0892011276315816, -0.13516447552068603, -1.6057647466659546], [-0.161945288951324, 0.543539445182994, -0.8236131342545692, -9.784589767456055], [3.7252752994265714e-09, 0.8346304753358921, 0.5508102846176556, 6.543670177459717], [0.0, 0.0, 0.0, 1.0]]}, {"file_path": "./output3/train/40", "rotation": 0, "transform_matrix": [[0.9867997383703274, 0.09967829954692628, -0.1276342937916246, -1.6057647466659546], [-0.16194528814464934, 0.6073811633544305, -0.7777286455120227, -9.784589767456055], [-3.0464945159863064e-09, 0.7881321963995965, 0.6155060040311127, 7.7436699867248535], [0.0, 0.0, 0.0, 1.0]]}, {"file_path": "./output3/train/41", "rotation": 0, "transform_matrix": [[0.9867997378738718, 0.10846790120945307, -0.12025386371869648, -1.6057647466659546], [-0.16194529116976047, 0.6609398447627048, -0.7327566064342195, -9.784589767456055], [-1.1789302856558714e-09, 0.7425585741288484, 0.6697811314061721, 8.943670272827148], [0.0, 0.0, 0.0, 1.0]]}, {"file_path": "./output3/train/42", "rotation": 0, "transform_matrix": [[0.9867997367306269, 0.11580782636682058, -0.1132025924639434, -1.6057647466659546], [-0.16194529813602282, 0.7056650174511174, -0.68979026055559, -9.784589767456055], [-1.3373653485167362e-09, 0.6990174751019509, 0.7151045864082355, 10.143670082092285], [0.0, 0.0, 0.0, 1.0]]}, {"file_path": "./output3/train/43", "rotation": 0, "transform_matrix": [[0.8886944968135947, -0.17679027808538522, 0.42304525633521056, 4.546244144439697], [0.4584998269718667, 0.34266655910974947, -0.8199741080879647, -8.811829566955566], [-1.1744401561246348e-08, 0.9226726542183729, 0.385584197235342, 4.143670082092285], [0.0, 0.0, 0.0, 1.0]]}, {"file_path": "./output3/train/44", "rotation": 0, "transform_matrix": [[0.8886945088398047, -0.21751879341140024, 0.4036181914518058, 4.546244144439697], [0.45849980366187504, 0.42160924689388957, -0.7823193548517058, -8.811829566955566], [3.9905854002297967e-10, 0.8803017763508237, 0.47441414666258014, 5.343669891357422], [0.0, 0.0, 0.0, 1.0]]}, {"file_path": "./output3/train/45", "rotation": 0, "transform_matrix": [[0.8886944987423067, -0.2525464301247896, 0.38267791749248453, 4.546244144439697], [0.4584998232335101, 0.4895020768009235, -0.7417315072871196, -8.811829566955566], [8.918017766756099e-09, 0.8346304675955744, 0.5508102963463849, 6.543670177459717], [0.0, 0.0, 0.0, 1.0]]}, {"file_path": "./output3/train/46", "rotation": 0, "transform_matrix": [[0.8886945053253466, -0.2822093921584403, 0.3613584580193207, 4.546244144439697], [0.45849981047382943, 0.5469968052457942, -0.7004087512634013, -8.811829566955566], [5.871381824521351e-09, 0.788132193244546, 0.6155060080710355, 7.7436699867248535], [0.0, 0.0, 0.0, 1.0]]}, {"file_path": "./output3/train/47", "rotation": 0, "transform_matrix": [[0.8886945008062896, -0.30709453853605045, 0.34046296221173633, 4.546244144439697], [0.45849981923296323, 0.5952308256161768, -0.659907705667713, -8.811829566955566], [2.259389091887072e-09, 0.7425585556961922, 0.6697811518416933, 8.943670272827148], [0.0, 0.0, 0.0, 1.0]]}, {"file_path": "./output3/train/48", "rotation": 0, "transform_matrix": [[0.8886945047741845, -0.32787531518127816, 0.32049938358590385, 4.546244144439697], [0.45849981154212793, 0.6355095075898314, -0.621212997754203, -8.811829566955566], [1.9878436984094714e-09, 0.6990174843719632, 0.7151045773467628, 10.143670082092285], [0.0, 0.0, 0.0, 1.0]]}, {"file_path": "./output3/train/49", "rotation": 0, "transform_matrix": [[0.4399310831001761, -0.34626676058837697, 0.8285891458581491, 8.904411315917969], [0.8980315373762243, 0.16963049549845022, -0.4059123709307773, -4.36212682723999], [-2.5611607553875782e-08, 0.9226726534955837, 0.385584198964918, 4.143670082092285], [0.0, 0.0, 0.0, 1.0]]}, {"file_path": "./output3/train/50", "rotation": 0, "transform_matrix": [[0.4399310912889925, -0.42603879668493283, 0.7905387900897278, 8.904411315917969], [0.8980315333646564, 0.2087095169100334, -0.38727212994728216, -4.36212682723999], [-1.6745918317712626e-08, 0.8803018126020388, 0.47441407939643265, 5.343669891357422], [0.0, 0.0, 0.0, 1.0]]}, {"file_path": "./output3/train/51", "rotation": 0, "transform_matrix": [[0.439931088794852, -0.49464498799292067, 0.7495244979086804, 8.904411315917969], [0.8980315345864948, 0.24231859166130842, -0.3671798782933309, -4.36212682723999], [-3.42592339986821e-08, 0.8346304787082505, 0.5508102795075954, 6.543670177459717], [0.0, 0.0, 0.0, 1.0]]}, {"file_path": "./output3/train/52", "rotation": 0, "transform_matrix": [[0.439931062646147, -0.5527438037644342, 0.7077675801554183, 8.904411315917969], [0.8980315473963216, 0.27078020569637073, -0.3467238383555409, -4.36212682723999], [2.3287398513204664e-09, 0.7881322018564244, 0.6155059970438503, 7.7436699867248535], [0.0, 0.0, 0.0, 1.0]]}, {"file_path": "./output3/train/53", "rotation": 0, "transform_matrix": [[0.4399311196639057, -0.6014845181281381, 0.6668410488290476, 8.904411315917969], [0.8980315194642461, 0.29465754729210847, -0.3266746391633987, -4.36212682723999], [-9.959784043865233e-09, 0.7425586200940373, 0.6697810804464691, 8.943670272827148], [0.0, 0.0, 0.0, 1.0]]}, {"file_path": "./output3/train/54", "rotation": 0, "transform_matrix": [[0.4399310954042108, -0.6421864245806199, 0.627739776803104, 8.904411315917969], [0.8980315313486774, 0.31459673687142614, -0.30751953084869244, -4.36212682723999], [-1.7382222441982048e-08, 0.6990175171154228, 0.7151045453399029, 10.143670082092285], [0.0, 0.0, 0.0, 1.0]]}, {"file_path": "./output3/train/55", "rotation": 0, "transform_matrix": [[-0.18241883656095015, -0.37911441654121447, 0.9071910643510351, 9.749104499816895], [0.9832209151903497, -0.07033778862955689, 0.16831288549292714, 1.808769941329956], [-2.8049073452057747e-08, 0.9226726692935684, 0.3855841611615821, 4.143670082092285], [0.0, 0.0, 0.0, 1.0]]}, {"file_path": "./output3/train/56", "rotation": 0, "transform_matrix": [[-0.18241886408793856, -0.466453810411649, 0.8655311668434127, 9.749104499816895], [0.9832209100832152, -0.08654208185682219, 0.1605836543457055, 1.808769941329956], [1.1631211943544455e-08, 0.8803018293860013, 0.47441404825285194, 5.343669891357422], [0.0, 0.0, 0.0, 1.0]]}, {"file_path": "./output3/train/57", "rotation": 0, "transform_matrix": [[-0.18241885130857544, -0.5415681400353967, 0.8206261709121035, 9.749104499816895], [0.983220912454195, -0.10047818399694658, 0.15225232955004717, 1.808769941329956], [1.646314075925575e-08, 0.8346305076135647, 0.5508102357080186, 6.543670177459717], [0.0, 0.0, 0.0, 1.0]]}, {"file_path": "./output3/train/58", "rotation": 0, "transform_matrix": [[-0.18241884819239204, -0.6051783446194203, 0.7749080816637928, 9.749104499816895], [0.9832209130323458, -0.11227992236691495, 0.1437701471416096, 1.808769941329956], [3.959785585849961e-08, 0.788132216215641, 0.6155059786574137, 7.7436699867248535], [0.0, 0.0, 0.0, 1.0]]}, {"file_path": "./output3/train/59", "rotation": 0, "transform_matrix": [[-0.18241887968062176, -0.6585427801642172, 0.7300991432878484, 9.749104499816895], [0.9832209071902744, -0.1221807020209045, 0.13545672267411663, 1.808769941329956], [-2.0869975867684636e-08, 0.7425586055977416, 0.6697810965179124, 8.943670272827148], [0.0, 0.0, 0.0, 1.0]]}, {"file_path": "./output3/train/60", "rotation": 0, "transform_matrix": [[-0.182418854233569, -0.703105756112193, 0.6872886273917339, 9.749104499816895], [0.9832209119115156, -0.1304485559901282, 0.12751397029337014, 1.808769941329956], [2.493701241247631e-09, 0.6990175033302043, 0.7151045588150088, 10.143670082092285], [0.0, 0.0, 0.0, 1.0]]},{"file_path": "./output4/train/1", "rotation": 0, "transform_matrix": [[-0.6563113252013331, -0.290919483067465, 0.6961474691358354, 7.481130123138428], [0.7544901884136527, -0.25306329855063864, 0.6055605027692947, 6.5076398849487305], [2.638547596588586e-08, 0.9226726512140853, 0.3855842044243644, 4.143670082092285], [0.0, 0.0, 0.0, 1.0]]}, {"file_path": "./output4/train/2", "rotation": 0, "transform_matrix": [[-0.6563113331933328, -0.3579407660148543, 0.6641790737042906, 7.481130123138428], [0.7544901814616211, -0.31136335813625937, 0.5777520448151799, 6.5076398849487305], [1.7304604100911774e-08, 0.8803018046299865, 0.4744140941890206, 5.343669891357422], [0.0, 0.0, 0.0, 1.0]]}, {"file_path": "./output4/train/3", "rotation": 0, "transform_matrix": [[-0.65631132497482, -0.4155809522759392, 0.6297205069038327, 7.481130123138428], [0.7544901886106908, -0.36150305366694707, 0.5477774160000364, 6.5076398849487305], [2.60258848972142e-08, 0.8346304657121595, 0.5508102992002814, 6.543670177459717], [0.0, 0.0, 0.0, 1.0]]}, {"file_path": "./output4/train/4", "rotation": 0, "transform_matrix": [[-0.656311303165004, -0.46439326937096836, 0.5946380114832868, 7.481130123138428], [0.7544902075824801, -0.4039635447802708, 0.5172600710964497, 6.5076398849487305], [-1.655165989374969e-08, 0.7881321880569916, 0.6155060147135024, 7.7436699867248535], [0.0, 0.0, 0.0, 1.0]]}, {"file_path": "./output4/train/5", "rotation": 0, "transform_matrix": [[-0.6563112981002852, -0.5053432912634659, 0.5602531909422083, 7.481130123138428], [0.7544902119881464, -0.43958488607861645, 0.4873496157229755, 6.5076398849487305], [-2.3689921800909813e-08, 0.7425586077248434, 0.6697810941596827, 8.943670272827148], [0.0, 0.0, 0.0, 1.0]]}, {"file_path": "./output4/train/6", "rotation": 0, "transform_matrix": [[-0.6563113495739133, -0.5395393651570908, 0.5274018258087013, 7.481130123138428], [0.7544901672125809, -0.4693312509327028, 0.4587731078403309, 6.5076398849487305], [7.2956715713171044e-09, 0.6990174892975337, 0.7151045725319983, 10.143670082092285], [0.0, 0.0, 0.0, 1.0]]}, {"file_path": "./output4/train/7", "rotation": 0, "transform_matrix": [[-0.9767820598838686, -0.08260578744939175, 0.19766914622391926, 2.124246120452881], [0.21423540204417021, -0.37663174939111255, 0.9012500861922641, 9.685259819030762], [3.284218189645829e-09, 0.9226726446744027, 0.3855842200733115, 4.143670082092285], [0.0, 0.0, 0.0, 1.0]]}, {"file_path": "./output4/train/8", "rotation": 0, "transform_matrix": [[-0.976782061655543, -0.1016362953726162, 0.1885918012292087, 2.124246120452881], [0.2142353939664197, -0.4633991917874897, 0.859863003636483, 9.685259819030762], [-1.9502203304249507e-09, 0.8803017962685479, 0.47441410970413633, 5.343669891357422], [0.0, 0.0, 0.0, 1.0]]}, {"file_path": "./output4/train/9", "rotation": 0, "transform_matrix": [[-0.9767820606111641, -0.11800305635528394, 0.17880739570560117, 2.124246120452881], [0.21423539872814606, -0.5380215631398562, 0.815252103050546, 9.685259819030762], [-5.321542955516176e-09, 0.8346305028498282, 0.5508102429264026, 6.543670177459717], [0.0, 0.0, 0.0, 1.0]]}, {"file_path": "./output4/train/10", "rotation": 0, "transform_matrix": [[-0.9767820604749375, -0.13186318175850015, 0.16884581022595754, 2.124246120452881], [0.21423539934925623, -0.6012152426111959, 0.7698333752946969, 9.685259819030762], [-3.5313613174560707e-09, 0.7881321801249368, 0.6155060248701991, 7.7436699867248535], [0.0, 0.0, 0.0, 1.0]]}, {"file_path": "./output4/train/11", "rotation": 0, "transform_matrix": [[-0.9767820615340689, -0.14349082129941684, 0.1590823323567814, 2.124246120452881], [0.2142353945202673, -0.6542302069109266, 0.7253178834828435, 9.685259819030762], [8.409541938021524e-09, 0.7425585637295586, 0.6697811429354329, 8.943670272827148], [0.0, 0.0, 0.0, 1.0]]}, {"file_path": "./output4/train/12", "rotation": 0, "transform_matrix": [[-0.9767820595648492, -0.153200718482115, 0.14975429198796167, 2.124246120452881], [0.21423540349870246, -0.6985012981123951, 0.6827877623559517, 9.685259819030762], [-8.412233544143272e-09, 0.6990175079294245, 0.7151045543192527, 10.143670082092285], [0.0, 0.0, 0.0, 1.0]]}, {"file_path": "./output4/train/13", "rotation": 0, "transform_matrix": [[-0.9118373090063495, 0.1583022526777108, -0.3788048556991067, -4.0708160400390625], [-0.41055172865798306, -0.35158998387209955, 0.8413273805937607, 9.041301727294922], [2.648150813159925e-08, 0.9226726830452816, 0.38558412825480803, 4.143670082092285], [0.0, 0.0, 0.0, 1.0]]}, {"file_path": "./output4/train/14", "rotation": 0, "transform_matrix": [[-0.9118373128582565, 0.19477153449305257, -0.36140941358887657, -4.0708160400390625], [-0.4105517201028806, -0.43258849765727786, 0.8026920186567108, 9.041301727294922], [9.354836378736235e-10, 0.8803017897549914, 0.47441412179040265, 5.343669891357422], [0.0, 0.0, 0.0, 1.0]]}, {"file_path": "./output4/train/15", "rotation": 0, "transform_matrix": [[-0.9118373073846705, 0.2261361214515555, -0.3426589841756978, -4.0708160400390625], [-0.41055173225974056, -0.5022493643821382, 0.7610472068907844, 9.041301727294922], [6.605748158846e-09, 0.8346304754516128, 0.5508102844423063, 6.543670177459717], [0.0, 0.0, 0.0, 1.0]]}, {"file_path": "./output4/train/16", "rotation": 0, "transform_matrix": [[-0.9118373170108867, 0.2526970438823922, -0.32356902095146245, -4.0708160400390625], [-0.41055171087986914, -0.5612413446045061, 0.7186483464116077, 9.041301727294922], [3.380202482832751e-10, 0.7881321952056178, 0.6155060055599568, 7.7436699867248535], [0.0, 0.0, 0.0, 1.0]]}, {"file_path": "./output4/train/17", "rotation": 0, "transform_matrix": [[-0.9118373112770869, 0.2749797946426231, -0.30485870547070465, -4.0708160400390625], [-0.41055172361466585, -0.610731411377157, 0.6770926268940557, 9.041301727294922], [4.034625220122512e-09, 0.742558587382549, 0.669781116712343, 8.943670272827148], [0.0, 0.0, 0.0, 1.0]]}, {"file_path": "./output4/train/18", "rotation": 0, "transform_matrix": [[-0.911837315352473, 0.29358740873610617, -0.28698282834067457, -4.0708160400390625], [-0.4105517145632137, -0.6520590282919395, 0.6373902362698829, 9.041301727294922], [3.635876628737513e-09, 0.6990174940976728, 0.7151045678398439, 10.143670082092285], [0.0, 0.0, 0.0, 1.0]]}, {"file_path": "./output4/train/19", "rotation": 0, "transform_matrix": [[-0.48710278101832216, 0.3367478770953938, -0.8058112359578772, -8.659628868103027], [-0.873344651740775, -0.1878191010583277, 0.44943642993578703, 4.8298563957214355], [2.1709900482832227e-08, 0.9226726681491041, 0.38558416390019473, 4.143670082092285], [0.0, 0.0, 0.0, 1.0]]}, {"file_path": "./output4/train/20", "rotation": 0, "transform_matrix": [[-0.48710278140789265, 0.4143270348997805, -0.7688068603334981, -8.659628868103027], [-0.873344651523494, -0.23108839885151838, 0.4287974715078767, 4.8298563957214355], [3.8561850647814626e-08, 0.8803018005589888, 0.4744141017429824, 5.343669891357422], [0.0, 0.0, 0.0, 1.0]]}, {"file_path": "./output4/train/21", "rotation": 0, "transform_matrix": [[-0.487102780100473, 0.481047204476746, -0.7289200701609871, -8.659628868103027], [-0.8733446522527006, -0.2683012197220121, 0.40655082569992446, 4.8298563957214355], [-5.723386021948841e-09, 0.8346304826453375, 0.5508102735418173, 6.543670177459717], [0.0, 0.0, 0.0, 1.0]]}, {"file_path": "./output4/train/22", "rotation": 0, "transform_matrix": [[-0.4871027835923892, 0.5375488534905921, -0.6883110549217526, -8.659628868103027], [-0.8733446503051049, -0.29981466824733277, 0.3839014020385909, 4.8298563957214355], [7.936938515104853e-09, 0.7881322191197945, 0.6155059749387557, 7.7436699867248535], [0.0, 0.0, 0.0, 1.0]]}, {"file_path": "./output4/train/23", "rotation": 0, "transform_matrix": [[-0.48710276745721903, 0.5849497435724632, -0.6485095923963098, -8.659628868103027], [-0.8733446593043999, -0.3262522301065083, 0.3617023478151775, 4.8298563957214355], [-5.160712838382981e-09, 0.742558603643537, 0.6697810986844586, 8.943670272827148], [0.0, 0.0, 0.0, 1.0]]}, {"file_path": "./output4/train/24", "rotation": 0, "transform_matrix": [[-0.4871027816061795, 0.6245327497860971, -0.610483189445982, -8.659628868103027], [-0.8733446514129014, -0.34832943390529514, 0.34049335577026196, 4.8298563957214355], [-1.2025320411921856e-08, 0.6990174889942546, 0.7151045728284549, 10.143670082092285], [0.0, 0.0, 0.0, 1.0]]}, {"file_path": "./output4/train/25", "rotation": 0, "transform_matrix": [[0.12983122167758984, 0.38232063804068467, -0.9148632595125177, -9.83155345916748], [-0.9915361082067077, 0.050060886195732804, -0.11979171004536943, -1.2873377799987793], [2.250258296569652e-08, 0.922672659940383, 0.3855841835430207, 4.143670082092285], [0.0, 0.0, 0.0, 1.0]]}, {"file_path": "./output4/train/26", "rotation": 0, "transform_matrix": [[0.12983114893214528, 0.47039873567218166, -0.872851019501594, -9.83155345916748], [-0.991536117731956, 0.06159373357187112, -0.1142905911163219, -1.2873377799987793], [3.5827731779562577e-09, 0.8803017899917565, 0.47441412135107197, 5.343669891357422], [0.0, 0.0, 0.0, 1.0]]}, {"file_path": "./output4/train/27", "rotation": 0, "transform_matrix": [[0.1298311301449041, 0.5461483027608716, -0.8275662565841578, -9.83155345916748], [-0.9915361201919458, 0.07151232436828334, -0.10836101613656297, -1.2873377799987793], [1.5286650799801132e-09, 0.8346304684438884, 0.5508102950609539, 6.543670177459717], [0.0, 0.0, 0.0, 1.0]]}, {"file_path": "./output4/train/28", "rotation": 0, "transform_matrix": [[0.1298310908190212, 0.6102964345929413, -0.7814615472177032, -9.83155345916748], [-0.9915361253412518, 0.07991180711847441, -0.10232406963328228, -1.2873377799987793], [-1.0438466360837326e-08, 0.7881322002089518, 0.6155059991533764, 7.7436699867248535], [0.0, 0.0, 0.0, 1.0]]}, {"file_path": "./output4/train/29", "rotation": 0, "transform_matrix": [[0.129831167407575, 0.6641121528416798, -0.7362736695126176, -9.83155345916748], [-0.9915361153127937, 0.0869584531351961, -0.09640725833020986, -1.2873377799987793], [-1.2494247809165762e-08, 0.7425586009712116, 0.6697811016471551, 8.943670272827148], [0.0, 0.0, 0.0, 1.0]]}, {"file_path": "./output4/train/30", "rotation": 0, "transform_matrix": [[0.12983121662879146, 0.7090519996199967, -0.6931010871608646, -9.83155345916748], [-0.9915361088677952, 0.09284289874598418, -0.0907542889551515, -1.2873377799987793], [3.998266525169551e-09, 0.6990174947648503, 0.7151045671876756, 10.143670082092285], [0.0, 0.0, 0.0, 1.0]]}, {"file_path": "./output4/train/31", "rotation": 0, "transform_matrix": [[0.6955367985027053, 0.27703854384380167, -0.6629315252373452, -7.124176025390625], [-0.7184904744870364, 0.26818799052614767, -0.6417527871454398, -6.896578788757324], [1.5951363902715323e-08, 0.9226726651215222, 0.38558417114496135, 4.143670082092285], [0.0, 0.0, 0.0, 1.0]]}, {"file_path": "./output4/train/32", "rotation": 0, "transform_matrix": [[0.6955367483128609, 0.34086203370458457, -0.632488502445022, -7.124176025390625], [-0.7184905230734584, 0.3299724285261849, -0.6122822589836815, -6.896578788757324], [-8.831741018409354e-09, 0.880301806422835, 0.47441409086229036, 5.343669891357422], [0.0, 0.0, 0.0, 1.0]]}, {"file_path": "./output4/train/33", "rotation": 0, "transform_matrix": [[0.6955367738768888, 0.3957519475181712, -0.5996740716593505, -7.124176025390625], [-0.718490498326129, 0.3831088044429211, -0.580516190793492, -6.896578788757324], [3.5764775968409626e-09, 0.8346304811075916, 0.5508102758719282, 6.543670177459717], [0.0, 0.0, 0.0, 1.0]]}, {"file_path": "./output4/train/34", "rotation": 0, "transform_matrix": [[0.6955367788885098, 0.442235225784007, -0.5662654803969287, -7.124176025390625], [-0.7184904934746152, 0.4281070736188551, -0.5481749212651961, -6.896578788757324], [-2.3707399335984387e-09, 0.7881321834522864, 0.6155060206096538, 7.7436699867248535], [0.0, 0.0, 0.0, 1.0]]}, {"file_path": "./output4/train/35", "rotation": 0, "transform_matrix": [[0.6955367771586748, 0.4812313637502093, -0.5335212893248382, -7.124176025390625], [-0.7184904951491868, 0.4658574174525813, -0.516476790363989, -6.896578788757324], [1.9828647183202538e-08, 0.742558577586661, 0.6697811275726381, 8.943670272827148], [0.0, 0.0, 0.0, 1.0]]}, {"file_path": "./output4/train/36", "rotation": 0, "transform_matrix": [[0.6955367499133808, 0.5137958609718509, -0.5022374366453835, -7.124176025390625], [-0.7184905215240706, 0.49738150175295814, -0.48619236130778637, -6.896578788757324], [-1.2400834250482996e-08, 0.6990174926009838, 0.7151045693028631, 10.143670082092285], [0.0, 0.0, 0.0, 1.0]]}, {"file_path": "./output4/train/37", "rotation": 0, "transform_matrix": [[0.9867997369215005, 0.062443554000182255, -0.14942249420848172, -1.6057647466659546], [-0.1619452969729514, 0.38049444116839337, -0.9104931087209253, -9.784589767456055], [2.8306348500238134e-09, 0.9226726303536799, 0.38558425434167, 4.143670082092285], [0.0, 0.0, 0.0, 1.0]]}, {"file_path": "./output4/train/38", "rotation": 0, "transform_matrix": [[0.9867997385629635, 0.0768291254675908, -0.14256072899628505, -1.6057647466659546], [-0.1619452869708379, 0.4681516977674919, -0.8686815940868945, -9.784589767456055], [1.3109335717643295e-10, 0.8803018081074809, 0.4744140877363359, 5.343669891357422], [0.0, 0.0, 0.0, 1.0]]}, {"file_path": "./output4/train/39", "rotation": 0, "transform_matrix": [[0.9867997382379426, 0.0892011276315816, -0.13516447552068603, -1.6057647466659546], [-0.161945288951324, 0.543539445182994, -0.8236131342545692, -9.784589767456055], [3.7252752994265714e-09, 0.8346304753358921, 0.5508102846176556, 6.543670177459717], [0.0, 0.0, 0.0, 1.0]]}, {"file_path": "./output4/train/40", "rotation": 0, "transform_matrix": [[0.9867997383703274, 0.09967829954692628, -0.1276342937916246, -1.6057647466659546], [-0.16194528814464934, 0.6073811633544305, -0.7777286455120227, -9.784589767456055], [-3.0464945159863064e-09, 0.7881321963995965, 0.6155060040311127, 7.7436699867248535], [0.0, 0.0, 0.0, 1.0]]}, {"file_path": "./output4/train/41", "rotation": 0, "transform_matrix": [[0.9867997378738718, 0.10846790120945307, -0.12025386371869648, -1.6057647466659546], [-0.16194529116976047, 0.6609398447627048, -0.7327566064342195, -9.784589767456055], [-1.1789302856558714e-09, 0.7425585741288484, 0.6697811314061721, 8.943670272827148], [0.0, 0.0, 0.0, 1.0]]}, {"file_path": "./output4/train/42", "rotation": 0, "transform_matrix": [[0.9867997367306269, 0.11580782636682058, -0.1132025924639434, -1.6057647466659546], [-0.16194529813602282, 0.7056650174511174, -0.68979026055559, -9.784589767456055], [-1.3373653485167362e-09, 0.6990174751019509, 0.7151045864082355, 10.143670082092285], [0.0, 0.0, 0.0, 1.0]]}, {"file_path": "./output4/train/43", "rotation": 0, "transform_matrix": [[0.8886944968135947, -0.17679027808538522, 0.42304525633521056, 4.546244144439697], [0.4584998269718667, 0.34266655910974947, -0.8199741080879647, -8.811829566955566], [-1.1744401561246348e-08, 0.9226726542183729, 0.385584197235342, 4.143670082092285], [0.0, 0.0, 0.0, 1.0]]}, {"file_path": "./output4/train/44", "rotation": 0, "transform_matrix": [[0.8886945088398047, -0.21751879341140024, 0.4036181914518058, 4.546244144439697], [0.45849980366187504, 0.42160924689388957, -0.7823193548517058, -8.811829566955566], [3.9905854002297967e-10, 0.8803017763508237, 0.47441414666258014, 5.343669891357422], [0.0, 0.0, 0.0, 1.0]]}, {"file_path": "./output4/train/45", "rotation": 0, "transform_matrix": [[0.8886944987423067, -0.2525464301247896, 0.38267791749248453, 4.546244144439697], [0.4584998232335101, 0.4895020768009235, -0.7417315072871196, -8.811829566955566], [8.918017766756099e-09, 0.8346304675955744, 0.5508102963463849, 6.543670177459717], [0.0, 0.0, 0.0, 1.0]]}, {"file_path": "./output4/train/46", "rotation": 0, "transform_matrix": [[0.8886945053253466, -0.2822093921584403, 0.3613584580193207, 4.546244144439697], [0.45849981047382943, 0.5469968052457942, -0.7004087512634013, -8.811829566955566], [5.871381824521351e-09, 0.788132193244546, 0.6155060080710355, 7.7436699867248535], [0.0, 0.0, 0.0, 1.0]]}, {"file_path": "./output4/train/47", "rotation": 0, "transform_matrix": [[0.8886945008062896, -0.30709453853605045, 0.34046296221173633, 4.546244144439697], [0.45849981923296323, 0.5952308256161768, -0.659907705667713, -8.811829566955566], [2.259389091887072e-09, 0.7425585556961922, 0.6697811518416933, 8.943670272827148], [0.0, 0.0, 0.0, 1.0]]}, {"file_path": "./output4/train/48", "rotation": 0, "transform_matrix": [[0.8886945047741845, -0.32787531518127816, 0.32049938358590385, 4.546244144439697], [0.45849981154212793, 0.6355095075898314, -0.621212997754203, -8.811829566955566], [1.9878436984094714e-09, 0.6990174843719632, 0.7151045773467628, 10.143670082092285], [0.0, 0.0, 0.0, 1.0]]}, {"file_path": "./output4/train/49", "rotation": 0, "transform_matrix": [[0.4399310831001761, -0.34626676058837697, 0.8285891458581491, 8.904411315917969], [0.8980315373762243, 0.16963049549845022, -0.4059123709307773, -4.36212682723999], [-2.5611607553875782e-08, 0.9226726534955837, 0.385584198964918, 4.143670082092285], [0.0, 0.0, 0.0, 1.0]]}, {"file_path": "./output4/train/50", "rotation": 0, "transform_matrix": [[0.4399310912889925, -0.42603879668493283, 0.7905387900897278, 8.904411315917969], [0.8980315333646564, 0.2087095169100334, -0.38727212994728216, -4.36212682723999], [-1.6745918317712626e-08, 0.8803018126020388, 0.47441407939643265, 5.343669891357422], [0.0, 0.0, 0.0, 1.0]]}, {"file_path": "./output4/train/51", "rotation": 0, "transform_matrix": [[0.439931088794852, -0.49464498799292067, 0.7495244979086804, 8.904411315917969], [0.8980315345864948, 0.24231859166130842, -0.3671798782933309, -4.36212682723999], [-3.42592339986821e-08, 0.8346304787082505, 0.5508102795075954, 6.543670177459717], [0.0, 0.0, 0.0, 1.0]]}, {"file_path": "./output4/train/52", "rotation": 0, "transform_matrix": [[0.439931062646147, -0.5527438037644342, 0.7077675801554183, 8.904411315917969], [0.8980315473963216, 0.27078020569637073, -0.3467238383555409, -4.36212682723999], [2.3287398513204664e-09, 0.7881322018564244, 0.6155059970438503, 7.7436699867248535], [0.0, 0.0, 0.0, 1.0]]}, {"file_path": "./output4/train/53", "rotation": 0, "transform_matrix": [[0.4399311196639057, -0.6014845181281381, 0.6668410488290476, 8.904411315917969], [0.8980315194642461, 0.29465754729210847, -0.3266746391633987, -4.36212682723999], [-9.959784043865233e-09, 0.7425586200940373, 0.6697810804464691, 8.943670272827148], [0.0, 0.0, 0.0, 1.0]]}, {"file_path": "./output4/train/54", "rotation": 0, "transform_matrix": [[0.4399310954042108, -0.6421864245806199, 0.627739776803104, 8.904411315917969], [0.8980315313486774, 0.31459673687142614, -0.30751953084869244, -4.36212682723999], [-1.7382222441982048e-08, 0.6990175171154228, 0.7151045453399029, 10.143670082092285], [0.0, 0.0, 0.0, 1.0]]}, {"file_path": "./output4/train/55", "rotation": 0, "transform_matrix": [[-0.18241883656095015, -0.37911441654121447, 0.9071910643510351, 9.749104499816895], [0.9832209151903497, -0.07033778862955689, 0.16831288