{"camera_angle_x": 0.8575560548920328, "frames": [{"file_path": "./train/1", "rotation": 0, "transform_matrix": [[-0.6563113252013331, -0.290919483067465, 0.6961474691358354, 7.481130123138428], [0.7544901884136527, -0.25306329855063864, 0.6055605027692947, 6.5076398849487305], [2.638547596588586e-08, 0.9226726512140853, 0.3855842044243644, 4.143670082092285], [0.0, 0.0, 0.0, 1.0]]}, {"file_path": "./train/2", "rotation": 0, "transform_matrix": [[-0.6563113331933328, -0.3579407660148543, 0.6641790737042906, 7.481130123138428], [0.7544901814616211, -0.31136335813625937, 0.5777520448151799, 6.5076398849487305], [1.7304604100911774e-08, 0.8803018046299865, 0.4744140941890206, 5.343669891357422], [0.0, 0.0, 0.0, 1.0]]}, {"file_path": "./train/3", "rotation": 0, "transform_matrix": [[-0.65631132497482, -0.4155809522759392, 0.6297205069038327, 7.481130123138428], [0.7544901886106908, -0.36150305366694707, 0.5477774160000364, 6.5076398849487305], [2.60258848972142e-08, 0.8346304657121595, 0.5508102992002814, 6.543670177459717], [0.0, 0.0, 0.0, 1.0]]}, {"file_path": "./train/4", "rotation": 0, "transform_matrix": [[-0.656311303165004, -0.46439326937096836, 0.5946380114832868, 7.481130123138428], [0.7544902075824801, -0.4039635447802708, 0.5172600710964497, 6.5076398849487305], [-1.655165989374969e-08, 0.7881321880569916, 0.6155060147135024, 7.7436699867248535], [0.0, 0.0, 0.0, 1.0]]}, {"file_path": "./train/5", "rotation": 0, "transform_matrix": [[-0.6563112981002852, -0.5053432912634659, 0.5602531909422083, 7.481130123138428], [0.7544902119881464, -0.43958488607861645, 0.4873496157229755, 6.5076398849487305], [-2.3689921800909813e-08, 0.7425586077248434, 0.6697810941596827, 8.943670272827148], [0.0, 0.0, 0.0, 1.0]]}, {"file_path": "./train/6", "rotation": 0, "transform_matrix": [[-0.6563113495739133, -0.5395393651570908, 0.5274018258087013, 7.481130123138428], [0.7544901672125809, -0.4693312509327028, 0.4587731078403309, 6.5076398849487305], [7.2956715713171044e-09, 0.6990174892975337, 0.7151045725319983, 10.143670082092285], [0.0, 0.0, 0.0, 1.0]]}, {"file_path": "./train/7", "rotation": 0, "transform_matrix": [[-0.9937605764353239, 0.0430058931453385, -0.10290971711993399, -1.1059165000915527], [-0.11153437462474566, -0.38317838886231226, 0.9169157025517394, 9.853610038757324], [-8.770695404595325e-10, 0.9226726480521976, 0.385584211990514, 4.143670082092285], [0.0, 0.0, 0.0, 1.0]]}, {"file_path": "./train/8", "rotation": 0, "transform_matrix": [[-0.9937605763808346, 0.05291348049944996, -0.09818391117014058, -1.1059165000915527], [-0.11153437511024, -0.4714540459285059, 0.8748092167703829, 9.853610038757324], [-1.7339290623044826e-09, 0.8803017926592429, 0.4744141164014025, 5.343669891357422], [0.0, 0.0, 0.0, 1.0]]}, {"file_path": "./train/9", "rotation": 0, "transform_matrix": [[-0.9937605768575938, 0.06143427525570247, -0.09308998714936213, -1.1059165000915527], [-0.11153437086235714, -0.547373522998258, 0.8294228779318865, 9.853610038757324], [-8.355644851696934e-10, 0.8346304907827663, 0.550810261211352, 6.543670177459717], [0.0, 0.0, 0.0, 1.0]]}, {"file_path": "./train/10", "rotation": 0, "transform_matrix": [[-0.9937605766386187, 0.06865007730449037, -0.08790382929638398, -1.1059165000915527], [-0.11153437281340813, -0.6116656037678462, 0.7832147041829821, 9.853610038757324], [1.168096890433996e-09, 0.7881321945291945, 0.6155060064260919, 7.7436699867248535], [0.0, 0.0, 0.0, 1.0]]}, {"file_path": "./train/11", "rotation": 0, "transform_matrix": [[-0.9937605767162665, 0.07470361595524522, -0.08282080612843866, -1.1059165000915527], [-0.11153437212157152, -0.6656020654750241, 0.7379254530579822, 9.853610038757324], [2.544853250035601e-11, 0.7425585904146506, 0.6697811133507774, 8.943670272827148], [0.0, 0.0, 0.0, 1.0]]}, {"file_path": "./train/12", "rotation": 0, "transform_matrix": [[-0.9937605773447582, 0.07975873466202532, -0.0779644737077422, -1.1059165000915527], [-0.11153436652177025, -0.7106427272325665, 0.6946560294966475, 9.853610038757324], [-2.8492252362088836e-10, 0.699017495114802, 0.7151045668455959, 10.143670082092285], [0.0, 0.0, 0.0, 1.0]]}, {"file_path": "./train/13", "rotation": 0, "transform_matrix": [[-0.4727293646612536, 0.3397797363950444, -0.8130662202565553, -8.737594604492188], [-0.8812076643941349, -0.18227699340066567, 0.4361744489190615, 4.6873369216918945], [-2.6788035841861982e-08, 0.9226726550690267, 0.38558419519979226, 4.143670082092285], [0.0, 0.0, 0.0, 1.0]]}, {"file_path": "./train/14", "rotation": 0, "transform_matrix": [[-0.47272933473898754, 0.4180573620161023, -0.775728701377854, -8.737594604492188], [-0.8812076804461215, -0.2242694877214114, 0.4161444710673708, 4.6873369216918945], [-1.8676795827132067e-08, 0.8803017885596469, 0.47441412400843036, 5.343669891357422], [0.0, 0.0, 0.0, 1.0]]}, {"file_path": "./train/15", "rotation": 0, "transform_matrix": [[-0.4727293276004255, 0.48537825234841936, -0.73548279039937, -8.737594604492188], [-0.8812076842756476, -0.2603841839746137, 0.39455429779616535, 4.6873369216918945], [-1.0684651271588856e-08, 0.8346304744514597, 0.5508102859578161, 6.543670177459717], [0.0, 0.0, 0.0, 1.0]]}, {"file_path": "./train/16", "rotation": 0, "transform_matrix": [[-0.4727293217545769, 0.5423886003146987, -0.6945081674121043, -8.737594604492188], [-0.8812076874116892, -0.29096771691558926, 0.3725732134218346, 4.6873369216918945], [7.891488525332755e-09, 0.788132218578578, 0.615505975631763, 7.7436699867248535], [0.0, 0.0, 0.0, 1.0]]}, {"file_path": "./train/17", "rotation": 0, "transform_matrix": [[-0.47272934683192386, 0.5902162529422438, -0.6543483318590185, -8.737594604492188], [-0.8812076739587908, -0.3166251763094554, 0.3510292481875886, 4.6873369216918945], [1.1595751674355871e-08, 0.7425585986909206, 0.6697811041752195, 8.943670272827148], [0.0, 0.0, 0.0, 1.0]]}, {"file_path": "./train/18", "rotation": 0, "transform_matrix": [[-0.4727293342250698, 0.6301556370507848, -0.6159795854216616, -8.737594604492188], [-0.881207680721816, -0.3380509246973196, 0.3304460557309852, 4.6873369216918945], [-2.368638620161684e-08, 0.6990174857644169, 0.7151045759856337, 10.143670082092285], [0.0, 0.0, 0.0, 1.0]]}, {"file_path": "./train/19", "rotation": 0, "transform_matrix": [[0.4566788312003347, 0.3430278744046301, -0.8208387920383257, -8.821122169494629], [-0.8896316345170603, 0.1760881286572622, -0.4213650742675373, -4.528188228607178], [1.0449739090474718e-09, 0.9226726658612061, 0.3855841693749566, 4.143670082092285], [0.0, 0.0, 0.0, 1.0]]}, {"file_path": "./train/20", "rotation": 0, "transform_matrix": [[0.4566788274741837, 0.42205380895539163, -0.783144323150625, -8.821122169494629], [-0.8896316364298229, 0.21665486950320084, -0.4020151974537113, -4.528188228607178], [-1.4208921492647066e-08, 0.8803017947651799, 0.47441411249371895, 5.343669891357422], [0.0, 0.0, 0.0, 1.0]]}, {"file_path": "./train/21", "rotation": 0, "transform_matrix": [[0.4566788067737543, 0.49001822746150675, -0.7425137064049278, -8.821122169494629], [-0.8896316470560723, 0.25154335998291494, -0.3811580651184042, -4.528188228607178], [-6.90951486528581e-09, 0.8346305019611905, 0.5508102442729358, 6.543670177459717], [0.0, 0.0, 0.0, 1.0]]}, {"file_path": "./train/22", "rotation": 0, "transform_matrix": [[0.45667882402751464, 0.5475736259175098, -0.7011473282302351, -8.821122169494629], [-0.8896316381991174, 0.281088586710562, -0.3599232622882456, -4.528188228607178], [2.5784889714826635e-08, 0.7881321783943411, 0.6155060270861606, 7.7436699867248535], [0.0, 0.0, 0.0, 1.0]]}, {"file_path": "./train/23", "rotation": 0, "transform_matrix": [[0.45667878533704825, 0.5958584942357524, -0.6606036193287017, -8.821122169494629], [-0.8896316580602773, 0.30587481936165356, -0.3391107604565179, -4.528188228607178], [-1.4372940513831714e-08, 0.7425585833640185, 0.6697811211675215, 8.943670272827148], [0.0, 0.0, 0.0, 1.0]]}, {"file_path": "./train/24", "rotation": 0, "transform_matrix": [[0.45667877823964537, 0.6361796742320615, -0.6218680853682177, -8.821122169494629], [-0.8896316617036202, 0.3265730710690714, -0.3192264646719798, -4.528188228607178], [-1.7862730442761296e-08, 0.6990174900147373, 0.715104571830929, 10.143670082092285], [0.0, 0.0, 0.0, 1.0]]}, {"file_path": "./train/25", "rotation": 0, "transform_matrix": [[0.9915756229346819, 0.04994436632548578, -0.11951294605206293, -1.284342646598816], [-0.12952908554335427, 0.38233591700696606, -0.914899700822306, -9.831945419311523], [6.014072948161922e-09, 0.9226726433783481, 0.38558422317466773, 4.143670082092285], [0.0, 0.0, 0.0, 1.0]]}, {"file_path": "./train/26", "rotation": 0, "transform_matrix": [[0.9915756233116619, 0.061450421104279535, -0.11402468592456379, -1.284342646598816], [-0.12952908265748156, 0.47041742294042804, -0.8728858258329077, -9.831945419311523], [-2.669163993278088e-09, 0.8803018197982967, 0.474414066043374, 5.343669891357422], [0.0, 0.0, 0.0, 1.0]]}, {"file_path": "./train/27", "rotation": 0, "transform_matrix": [[0.991575622903541, 0.07134595341047882, -0.10810892190473535, -1.284342646598816], [-0.12952908578174394, 0.546170048221723, -0.8275992353561149, -9.831945419311523], [-1.3983574726324194e-09, 0.8346304771319043, 0.5508102818961983, 6.543670177459717], [0.0, 0.0, 0.0, 1.0]]}, {"file_path": "./train/28", "rotation": 0, "transform_matrix": [[0.9915756239892747, 0.07972592250396082, -0.10208603817943743, -1.284342646598816], [-0.12952907747020018, 0.6103207290778073, -0.7814926907832555, -9.831945419311523], [-4.5245850210245116e-10, 0.7881322128544337, 0.6155059829613144, 7.7436699867248535], [0.0, 0.0, 0.0, 1.0]]}, {"file_path": "./train/29", "rotation": 0, "transform_matrix": [[0.9915756231580287, 0.08675613340838313, -0.09618293442598702, -1.284342646598816], [-0.12952908383358114, 0.6641386149077405, -0.7363030059898309, -9.831945419311523], [-9.692102490582655e-10, 0.7425585993741198, 0.6697811034177846, 8.943670272827148], [0.0, 0.0, 0.0, 1.0]]}, {"file_path": "./train/30", "rotation": 0, "transform_matrix": [[0.9915756229483086, 0.09262684012151917, -0.0905430972729366, -1.284342646598816], [-0.12952908543903927, 0.70908025408701, -0.6931287104782397, -9.831945419311523], [1.710161051156908e-10, 0.6990174974583997, 0.7151045645547204, 10.143670082092285], [0.0, 0.0, 0.0, 1.0]]}, {"file_path": "./train/31", "rotation": 0, "transform_matrix": [[0.6698795166991026, -0.28628460275450707, 0.6850566103123675, 7.361942768096924], [0.7424698196606895, 0.25829494871732994, -0.6180795145934991, -6.64217472076416], [-1.3723002448360032e-08, 0.9226726644334958, 0.3855841727913554, 4.143670082092285], [0.0, 0.0, 0.0, 1.0]]}, {"file_path": "./train/32", "rotation": 0, "transform_matrix": [[0.6698794898782987, -0.3522381797223923, 0.6535975319615628, 7.361942768096924], [0.7424698438592574, 0.3178003114015978, -0.5896961022701925, -6.64217472076416], [-1.753565810130763e-08, 0.8803017816742751, 0.4744141367846204, 5.343669891357422], [0.0, 0.0, 0.0, 1.0]]}, {"file_path": "./train/33", "rotation": 0, "transform_matrix": [[0.6698794620499751, -0.40896003539494863, 0.6196879825955949, 7.361942768096924], [0.7424698689668396, 0.3689764937172625, -0.5591018160947779, -6.64217472076416], [-5.173461807335064e-10, 0.8346304790348105, 0.5508102790127675, 6.543670177459717], [0.0, 0.0, 0.0, 1.0]]}, {"file_path": "./train/34", "rotation": 0, "transform_matrix": [[0.6698794924039936, -0.45699462423954434, 0.5851644034566058, 7.361942768096924], [0.7424698415804964, 0.41231484351651837, -0.5279536003849025, -6.64217472076416], [-1.221883416605668e-08, 0.7881322117716713, 0.6155059843477504, 7.7436699867248535], [0.0, 0.0, 0.0, 1.0]]}, {"file_path": "./train/35", "rotation": 0, "transform_matrix": [[0.669879493921756, -0.4972922681183248, 0.5513273652675552, 7.361942768096924], [0.7424698402111239, 0.44867263714296995, -0.49742476924258705, -6.64217472076416], [-1.1188798991873077e-08, 0.7425585934785922, 0.6697811099539124, 8.943670272827148], [0.0, 0.0, 0.0, 1.0]]}, {"file_path": "./train/36", "rotation": 0, "transform_matrix": [[0.669879484363928, -0.5309435899763669, 0.5189994033631691, 7.361942768096924], [0.742469848834495, 0.47903388415930076, -0.46825747340425394, -6.64217472076416], [3.8930991679209075e-09, 0.6990174833938426, 0.7151045783028792, 10.143670082092285], [0.0, 0.0, 0.0, 1.0]]}, {"file_path": "./train/37", "rotation": 0, "transform_matrix": [[-0.23050576760575128, -0.3752007750099421, 0.8978259683994567, 9.648462295532227], [0.9730709589235943, -0.08887937210327673, 0.21268137227797812, 2.2855746746063232], [-7.3795153377636875e-09, 0.9226726589893439, 0.3855841858187831, 4.143670082092285], [0.0, 0.0, 0.0, 1.0]]}, {"file_path": "./train/38", "rotation": 0, "transform_matrix": [[-0.2305057558083947, -0.4616385980520111, 0.8565961133041486, 9.648462295532227], [0.9730709617182091, -0.10935517907082366, 0.2029146329646716, 2.2855746746063232], [-5.3243026521292935e-09, 0.8803017946130528, 0.4744141127759988, 5.343669891357422], [0.0, 0.0, 0.0, 1.0]]}, {"file_path": "./train/39", "rotation": 0, "transform_matrix": [[-0.2305058156253595, -0.5359774786191659, 0.812154672076649, 9.648462295532227], [0.9730709475484753, -0.12696498165874312, 0.1923871733497516, 2.2855746746063232], [1.0953606010519782e-08, 0.8346304786223882, 0.5508102796377018, 6.543670177459717], [0.0, 0.0, 0.0, 1.0]]}, {"file_path": "./train/40", "rotation": 0, "transform_matrix": [[-0.2305057380353897, -0.5989310725327257, 0.7669085180695016, 9.648462295532227], [0.973070965928364, -0.14187765319536208, 0.1816690033853249, 2.2855746746063232], [-3.028429019678733e-08, 0.7881321601600682, 0.6155060504344565, 7.7436699867248535], [0.0, 0.0, 0.0, 1.0]]}, {"file_path": "./train/41", "rotation": 0, "transform_matrix": [[-0.6563113252013331, -0.290919483067465, 0.6961474691358354, 7.481130123138428], [0.7544901884136527, -0.25306329855063864, 0.6055605027692947, 6.5076398849487305], [2.638547596588586e-08, 0.9226726512140853, 0.3855842044243644, 4.143670082092285], [0.0, 0.0, 0.0, 1.0]]}, {"file_path": "./train/42", "rotation": 0, "transform_matrix": [[-0.6563113331933328, -0.3579407660148543, 0.6641790737042906, 7.481130123138428], [0.7544901814616211, -0.31136335813625937, 0.5777520448151799, 6.5076398849487305], [1.7304604100911774e-08, 0.8803018046299865, 0.4744140941890206, 5.343669891357422], [0.0, 0.0, 0.0, 1.0]]}, {"file_path": "./train/43", "rotation": 0, "transform_matrix": [[-0.65631132497482, -0.4155809522759392, 0.6297205069038327, 7.481130123138428], [0.7544901886106908, -0.36150305366694707, 0.5477774160000364, 6.5076398849487305], [2.60258848972142e-08, 0.8346304657121595, 0.5508102992002814, 6.543670177459717], [0.0, 0.0, 0.0, 1.0]]}, {"file_path": "./train/44", "rotation": 0, "transform_matrix": [[-0.656311303165004, -0.46439326937096836, 0.5946380114832868, 7.481130123138428], [0.7544902075824801, -0.4039635447802708, 0.5172600710964497, 6.5076398849487305], [-1.655165989374969e-08, 0.7881321880569916, 0.6155060147135024, 7.7436699867248535], [0.0, 0.0, 0.0, 1.0]]}, {"file_path": "./train/45", "rotation": 0, "transform_matrix": [[-0.6563112981002852, -0.5053432912634659, 0.5602531909422083, 7.481130123138428], [0.7544902119881464, -0.43958488607861645, 0.4873496157229755, 6.5076398849487305], [-2.3689921800909813e-08, 0.7425586077248434, 0.6697810941596827, 8.943670272827148], [0.0, 0.0, 0.0, 1.0]]}, {"file_path": "./train/46", "rotation": 0, "transform_matrix": [[-0.6563113495739133, -0.5395393651570908, 0.5274018258087013, 7.481130123138428], [0.7544901672125809, -0.4693312509327028, 0.4587731078403309, 6.5076398849487305], [7.2956715713171044e-09, 0.6990174892975337, 0.7151045725319983, 10.143670082092285], [0.0, 0.0, 0.0, 1.0]]}, {"file_path": "./train/47", "rotation": 0, "transform_matrix": [[-0.9937605764353239, 0.0430058931453385, -0.10290971711993399, -1.1059165000915527], [-0.11153437462474566, -0.38317838886231226, 0.9169157025517394, 9.853610038757324], [-8.770695404595325e-10, 0.9226726480521976, 0.385584211990514, 4.143670082092285], [0.0, 0.0, 0.0, 1.0]]}, {"file_path": "./train/48", "rotation": 0, "transform_matrix": [[-0.9937605763808346, 0.05291348049944996, -0.09818391117014058, -1.1059165000915527], [-0.11153437511024, -0.4714540459285059, 0.8748092167703829, 9.853610038757324], [-1.7339290623044826e-09, 0.8803017926592429, 0.4744141164014025, 5.343669891357422], [0.0, 0.0, 0.0, 1.0]]}, {"file_path": "./train/49", "rotation": 0, "transform_matrix": [[-0.9937605768575938, 0.06143427525570247, -0.09308998714936213, -1.1059165000915527], [-0.11153437086235714, -0.547373522998258, 0.8294228779318865, 9.853610038757324], [-8.355644851696934e-10, 0.8346304907827663, 0.550810261211352, 6.543670177459717], [0.0, 0.0, 0.0, 1.0]]}, {"file_path": "./train/50", "rotation": 0, "transform_matrix": [[-0.9937605766386187, 0.06865007730449037, -0.08790382929638398, -1.1059165000915527], [-0.11153437281340813, -0.6116656037678462, 0.7832147041829821, 9.853610038757324], [1.168096890433996e-09, 0.7881321945291945, 0.6155060064260919, 7.7436699867248535], [0.0, 0.0, 0.0, 1.0]]}, {"file_path": "./train/51", "rotation": 0, "transform_matrix": [[-0.9937605767162665, 0.07470361595524522, -0.08282080612843866, -1.1059165000915527], [-0.11153437212157152, -0.6656020654750241, 0.7379254530579822, 9.853610038757324], [2.544853250035601e-11, 0.7425585904146506, 0.6697811133507774, 8.943670272827148], [0.0, 0.0, 0.0, 1.0]]}, {"file_path": "./train/52", "rotation": 0, "transform_matrix": [[-0.9937605773447582, 0.07975873466202532, -0.0779644737077422, -1.1059165000915527], [-0.11153436652177025, -0.7106427272325665, 0.6946560294966475, 9.853610038757324], [-2.8492252362088836e-10, 0.699017495114802, 0.7151045668455959, 10.143670082092285], [0.0, 0.0, 0.0, 1.0]]}, {"file_path": "./train/53", "rotation": 0, "transform_matrix": [[-0.4727293646612536, 0.3397797363950444, -0.8130662202565553, -8.737594604492188], [-0.8812076643941349, -0.18227699340066567, 0.4361744489190615, 4.6873369216918945], [-2.6788035841861982e-08, 0.9226726550690267, 0.38558419519979226, 4.143670082092285], [0.0, 0.0, 0.0, 1.0]]}, {"file_path": "./train/54", "rotation": 0, "transform_matrix": [[-0.47272933473898754, 0.4180573620161023, -0.775728701377854, -8.737594604492188], [-0.8812076804461215, -0.2242694877214114, 0.4161444710673708, 4.6873369216918945], [-1.8676795827132067e-08, 0.8803017885596469, 0.47441412400843036, 5.343669891357422], [0.0, 0.0, 0.0, 1.0]]}, {"file_path": "./train/55", "rotation": 0, "transform_matrix": [[-0.4727293276004255, 0.48537825234841936, -0.73548279039937, -8.737594604492188], [-0.8812076842756476, -0.2603841839746137, 0.39455429779616535, 4.6873369216918945], [-1.0684651271588856e-08, 0.8346304744514597, 0.5508102859578161, 6.543670177459717], [0.0, 0.0, 0.0, 1.0]]}, {"file_path": "./train/56", "rotation": 0, "transform_matrix": [[-0.4727293217545769, 0.5423886003146987, -0.6945081674121043, -8.737594604492188], [-0.8812076874116892, -0.29096771691558926, 0.3725732134218346, 4.6873369216918945], [7.891488525332755e-09, 0.788132218578578, 0.615505975631763, 7.7436699867248535], [0.0, 0.0, 0.0, 1.0]]}, {"file_path": "./train/57", "rotation": 0, "transform_matrix": [[-0.47272934683192386, 0.5902162529422438, -0.6543483318590185, -8.737594604492188], [-0.8812076739587908, -0.3166251763094554, 0.3510292481875886, 4.6873369216918945], [1.1595751674355871e-08, 0.7425585986909206, 0.6697811041752195, 8.943670272827148], [0.0, 0.0, 0.0, 1.0]]}, {"file_path": "./train/58", "rotation": 0, "transform_matrix": [[-0.4727293342250698, 0.6301556370507848, -0.6159795854216616, -8.737594604492188], [-0.881207680721816, -0.3380509246973196, 0.3304460557309852, 4.6873369216918945], [-2.368638620161684e-08, 0.6990174857644169, 0.7151045759856337, 10.143670082092285], [0.0, 0.0, 0.0, 1.0]]}, {"file_path": "./train/59", "rotation": 0, "transform_matrix": [[0.4566788312003347, 0.3430278744046301, -0.8208387920383257, -8.821122169494629], [-0.8896316345170603, 0.1760881286572622, -0.4213650742675373, -4.528188228607178], [1.0449739090474718e-09, 0.9226726658612061, 0.3855841693749566, 4.143670082092285], [0.0, 0.0, 0.0, 1.0]]}, {"file_path": "./train/60", "rotation": 0, "transform_matrix": [[0.4566788274741837, 0.42205380895539163, -0.783144323150625, -8.821122169494629], [-0.8896316364298229, 0.21665486950320084, -0.4020151974537113, -4.528188228607178], [-1.4208921492647066e-08, 0.8803017947651799, 0.47441411249371895, 5.343669891357422], [0.0, 0.0, 0.0, 1.0]]}, {"file_path": "./train/61", "rotation": 0, "transform_matrix": [[0.4566788067737543, 0.49001822746150675, -0.7425137064049278, -8.821122169494629], [-0.8896316470560723, 0.25154335998291494, -0.3811580651184042, -4.528188228607178], [-6.90951486528581e-09, 0.8346305019611905, 0.5508102442729358, 6.543670177459717], [0.0, 0.0, 0.0, 1.0]]}, {"file_path": "./train/62", "rotation": 0, "transform_matrix": [[0.45667882402751464, 0.5475736259175098, -0.7011473282302351, -8.821122169494629], [-0.8896316381991174, 0.281088586710562, -0.3599232622882456, -4.528188228607178], [2.5784889714826635e-08, 0.7881321783943411, 0.6155060270861606, 7.7436699867248535], [0.0, 0.0, 0.0, 1.0]]}, {"file_path": "./train/63", "rotation": 0, "transform_matrix": [[0.45667878533704825, 0.5958584942357524, -0.6606036193287017, -8.821122169494629], [-0.8896316580602773, 0.30587481936165356, -0.3391107604565179, -4.528188228607178], [-1.4372940513831714e-08, 0.7425585833640185, 0.6697811211675215, 8.943670272827148], [0.0, 0.0, 0.0, 1.0]]}, {"file_path": "./train/64", "rotation": 0, "transform_matrix": [[0.45667877823964537, 0.6361796742320615, -0.6218680853682177, -8.821122169494629], [-0.8896316617036202, 0.3265730710690714, -0.3192264646719798, -4.528188228607178], [-1.7862730442761296e-08, 0.6990174900147373, 0.715104571830929, 10.143670082092285], [0.0, 0.0, 0.0, 1.0]]}, {"file_path": "./train/65", "rotation": 0, "transform_matrix": [[0.9915756229346819, 0.04994436632548578, -0.11951294605206293, -1.284342646598816], [-0.12952908554335427, 0.38233591700696606, -0.914899700822306, -9.831945419311523], [6.014072948161922e-09, 0.9226726433783481, 0.38558422317466773, 4.143670082092285], [0.0, 0.0, 0.0, 1.0]]}, {"file_path": "./train/66", "rotation": 0, "transform_matrix": [[0.9915756233116619, 0.061450421104279535, -0.11402468592456379, -1.284342646598816], [-0.12952908265748156, 0.47041742294042804, -0.8728858258329077, -9.831945419311523], [-2.669163993278088e-09, 0.8803018197982967, 0.474414066043374, 5.343669891357422], [0.0, 0.0, 0.0, 1.0]]}, {"file_path": "./train/67", "rotation": 0, "transform_matrix": [[0.991575622903541, 0.07134595341047882, -0.10810892190473535, -1.284342646598816], [-0.12952908578174394, 0.546170048221723, -0.8275992353561149, -9.831945419311523], [-1.3983574726324194e-09, 0.8346304771319043, 0.5508102818961983, 6.543670177459717], [0.0, 0.0, 0.0, 1.0]]}, {"file_path": "./train/68", "rotation": 0, "transform_matrix": [[0.9915756239892747, 0.07972592250396082, -0.10208603817943743, -1.284342646598816], [-0.12952907747020018, 0.6103207290778073, -0.7814926907832555, -9.831945419311523], [-4.5245850210245116e-10, 0.7881322128544337, 0.6155059829613144, 7.7436699867248535], [0.0, 0.0, 0.0, 1.0]]}, {"file_path": "./train/69", "rotation": 0, "transform_matrix": [[0.9915756231580287, 0.08675613340838313, -0.09618293442598702, -1.284342646598816], [-0.12952908383358114, 0.6641386149077405, -0.7363030059898309, -9.831945419311523], [-9.692102490582655e-10, 0.7425585993741198, 0.6697811034177846, 8.943670272827148], [0.0, 0.0, 0.0, 1.0]]}, {"file_path": "./train/70", "rotation": 0, "transform_matrix": [[0.9915756229483086, 0.09262684012151917, -0.0905430972729366, -1.284342646598816], [-0.12952908543903927, 0.70908025408701, -0.6931287104782397, -9.831945419311523], [1.710161051156908e-10, 0.6990174974583997, 0.7151045645547204, 10.143670082092285], [0.0, 0.0, 0.0, 1.0]]}, {"file_path": "./train/71", "rotation": 0, "transform_matrix": [[0.6698795166991026, -0.28628460275450707, 0.6850566103123675, 7.361942768096924], [0.7424698196606895, 0.25829494871732994, -0.6180795145934991, -6.64217472076416], [-1.3723002448360032e-08, 0.9226726644334958, 0.3855841727913554, 4.143670082092285], [0.0, 0.0, 0.0, 1.0]]}, {"file_path": "./train/72", "rotation": 0, "transform_matrix": [[0.6698794898782987, -0.3522381797223923, 0.6535975319615628, 7.361942768096924], [0.7424698438592574, 0.3178003114015978, -0.5896961022701925, -6.64217472076416], [-1.753565810130763e-08, 0.8803017816742751, 0.4744141367846204, 5.343669891357422], [0.0, 0.0, 0.0, 1.0]]}, {"file_path": "./train/73", "rotation": 0, "transform_matrix": [[0.6698794620499751, -0.40896003539494863, 0.6196879825955949, 7.361942768096924], [0.7424698689668396, 0.3689764937172625, -0.5591018160947779, -6.64217472076416], [-5.173461807335064e-10, 0.8346304790348105, 0.5508102790127675, 6.543670177459717], [0.0, 0.0, 0.0, 1.0]]}, {"file_path": "./train/74", "rotation": 0, "transform_matrix": [[0.6698794924039936, -0.45699462423954434, 0.5851644034566058, 7.361942768096924], [0.7424698415804964, 0.41231484351651837, -0.5279536003849025, -6.64217472076416], [-1.221883416605668e-08, 0.7881322117716713, 0.6155059843477504, 7.7436699867248535], [0.0, 0.0, 0.0, 1.0]]}, {"file_path": "./train/75", "rotation": 0, "transform_matrix": [[0.669879493921756, -0.4972922681183248, 0.5513273652675552, 7.361942768096924], [0.7424698402111239, 0.44867263714296995, -0.49742476924258705, -6.64217472076416], [-1.1188798991873077e-08, 0.7425585934785922, 0.6697811099539124, 8.943670272827148], [0.0, 0.0, 0.0, 1.0]]}, {"file_path": "./train/76", "rotation": 0, "transform_matrix": [[0.669879484363928, -0.5309435899763669, 0.5189994033631691, 7.361942768096924], [0.742469848834495, 0.47903388415930076, -0.46825747340425394, -6.64217472076416], [3.8930991679209075e-09, 0.6990174833938426, 0.7151045783028792, 10.143670082092285], [0.0, 0.0, 0.0, 1.0]]}, {"file_path": "./train/77", "rotation": 0, "transform_matrix": [[-0.23050576760575128, -0.3752007750099421, 0.8978259683994567, 9.648462295532227], [0.9730709589235943, -0.08887937210327673, 0.21268137227797812, 2.2855746746063232], [-7.3795153377636875e-09, 0.9226726589893439, 0.3855841858187831, 4.143670082092285], [0.0, 0.0, 0.0, 1.0]]}, {"file_path": "./train/78", "rotation": 0, "transform_matrix": [[-0.2305057558083947, -0.4616385980520111, 0.8565961133041486, 9.648462295532227], [0.9730709617182091, -0.10935517907082366, 0.2029146329646716, 2.2855746746063232], [-5.3243026521292935e-09, 0.8803017946130528, 0.4744141127759988, 5.343669891357422], [0.0, 0.0, 0.0, 1.0]]}, {"file_path": "./train/79", "rotation": 0, "transform_matrix": [[-0.2305058156253595, -0.5359774786191659, 0.812154672076649, 9.648462295532227], [0.9730709475484753, -0.12696498165874312, 0.1923871733497516, 2.2855746746063232], [1.0953606010519782e-08, 0.8346304786223882, 0.5508102796377018, 6.543670177459717], [0.0, 0.0, 0.0, 1.0]]}, {"file_path": "./train/80", "rotation": 0, "transform_matrix": [[-0.2305057380353897, -0.5989310725327257, 0.7669085180695016, 9.648462295532227], [0.973070965928364, -0.14187765319536208, 0.1816690033853249, 2.2855746746063232], [-3.028429019678733e-08, 0.7881321601600682, 0.6155060504344565, 7.7436699867248535], [0.0, 0.0, 0.0, 1.0]]}, {"file_path": "./train/81", "rotation": 0, "transform_matrix": [[-0.6563113252013331, -0.290919483067465, 0.6961474691358354, 7.481130123138428], [0.7544901884136527, -0.25306329855063864, 0.6055605027692947, 6.5076398849487305], [2.638547596588586e-08, 0.9226726512140853, 0.3855842044243644, 4.143670082092285], [0.0, 0.0, 0.0, 1.0]]}, {"file_path": "./train/82", "rotation": 0, "transform_matrix": [[-0.6563113331933328, -0.3579407660148543, 0.6641790737042906, 7.481130123138428], [0.7544901814616211, -0.31136335813625937, 0.5777520448151799, 6.5076398849487305], [1.7304604100911774e-08, 0.8803018046299865, 0.4744140941890206, 5.343669891357422], [0.0, 0.0, 0.0, 1.0]]}, {"file_path": "./train/83", "rotation": 0, "transform_matrix": [[-0.65631132497482, -0.4155809522759392, 0.6297205069038327, 7.481130123138428], [0.7544901886106908, -0.36150305366694707, 0.5477774160000364, 6.5076398849487305], [2.60258848972142e-08, 0.8346304657121595, 0.5508102992002814, 6.543670177459717], [0.0, 0.0, 0.0, 1.0]]}, {"file_path": "./train/84", "rotation": 0, "transform_matrix": [[-0.656311303165004, -0.46439326937096836, 0.5946380114832868, 7.481130123138428], [0.7544902075824801, -0.4039635447802708, 0.5172600710964497, 6.5076398849487305], [-1.655165989374969e-08, 0.7881321880569916, 0.6155060147135024, 7.7436699867248535], [0.0, 0.0, 0.0, 1.0]]}, {"file_path": "./train/85", "rotation": 0, "transform_matrix": [[-0.6563112981002852, -0.5053432912634659, 0.5602531909422083, 7.481130123138428], [0.7544902119881464, -0.43958488607861645, 0.4873496157229755, 6.5076398849487305], [-2.3689921800909813e-08, 0.7425586077248434, 0.6697810941596827, 8.943670272827148], [0.0, 0.0, 0.0, 1.0]]}, {"file_path": "./train/86", "rotation": 0, "transform_matrix": [[-0.6563113495739133, -0.5395393651570908, 0.5274018258087013, 7.481130123138428], [0.7544901672125809, -0.4693312509327028, 0.4587731078403309, 6.5076398849487305], [7.2956715713171044e-09, 0.6990174892975337, 0.7151045725319983, 10.143670082092285], [0.0, 0.0, 0.0, 1.0]]}, {"file_path": "./train/87", "rotation": 0, "transform_matrix": [[-0.9937605764353239, 0.0430058931453385, -0.10290971711993399, -1.1059165000915527], [-0.11153437462474566, -0.38317838886231226, 0.9169157025517394, 9.853610038757324], [-8.770695404595325e-10, 0.9226726480521976, 0.385584211990514, 4.143670082092285], [0.0, 0.0, 0.0, 1.0]]}, {"file_path": "./train/88", "rotation": 0, "transform_matrix": [[-0.9937605763808346, 0.05291348049944996, -0.09818391117014058, -1.1059165000915527], [-0.11153437511024, -0.4714540459285059, 0.8748092167703829, 9.853610038757324], [-1.7339290623044826e-09, 0.8803017926592429, 0.4744141164014025, 5.343669891357422], [0.0, 0.0, 0.0, 1.0]]}, {"file_path": "./train/89", "rotation": 0, "transform_matrix": [[-0.9937605768575938, 0.06143427525570247, -0.09308998714936213, -1.1059165000915527], [-0.11153437086235714, -0.547373522998258, 0.8294228779318865, 9.853610038757324], [-8.355644851696934e-10, 0.8346304907827663, 0.550810261211352, 6.543670177459717], [0.0, 0.0, 0.0, 1.0]]}, {"file_path": "./train/90", "rotation": 0, "transform_matrix": [[-0.9937605766386187, 0.06865007730449037, -0.08790382929638398, -1.1059165000915527], [-0.11153437281340813, -0.6116656037678462, 0.7832147041829821, 9.853610038757324], [1.168096890433996e-09, 0.7881321945291945, 0.6155060064260919, 7.7436699867248535], [0.0, 0.0, 0.0, 1.0]]}, {"file_path": "./train/91", "rotation": 0, "transform_matrix": [[-0.9937605767162665, 0.07470361595524522, -0.08282080612843866, -1.1059165000915527], [-0.11153437212157152, -0.6656020654750241, 0.7379254530579822, 9.853610038757324], [2.544853250035601e-11, 0.7425585904146506, 0.6697811133507774, 8.943670272827148], [0.0, 0.0, 0.0, 1.0]]}, {"file_path": "./train/92", "rotation": 0, "transform_matrix": [[-0.9937605773447582, 0.07975873466202532, -0.0779644737077422, -1.1059165000915527], [-0.11153436652177025, -0.7106427272325665, 0.6946560294966475, 9.853610038757324], [-2.8492252362088836e-10, 0.699017495114802, 0.7151045668455959, 10.143670082092285], [0.0, 0.0, 0.0, 1.0]]}, {"file_path": "./train/93", "rotation": 0, "transform_matrix": [[-0.4727293646612536, 0.3397797363950444, -0.8130662202565553, -8.737594604492188], [-0.8812076643941349, -0.18227699340066567, 0.4361744489190615, 4.6873369216918945], [-2.6788035841861982e-08, 0.9226726550690267, 0.38558419519979226, 4.143670082092285], [0.0, 0.0, 0.0, 1.0]]}, {"file_path": "./train/94", "rotation": 0, "transform_matrix": [[-0.47272933473898754, 0.4180573620161023, -0.775728701377854, -8.737594604492188], [-0.8812076804461215, -0.2242694877214114, 0.4161444710673708, 4.6873369216918945], [-1.8676795827132067e-08, 0.8803017885596469, 0.47441412400843036, 5.343669891357422], [0.0, 0.0, 0.0, 1.0]]}, {"file_path": "./train/95", "rotation": 0, "transform_matrix": [[-0.4727293276004255, 0.48537825234841936, -0.73548279039937, -8.737594604492188], [-0.8812076842756476, -0.2603841839746137, 0.39455429779616535, 4.6873369216918945], [-1.0684651271588856e-08, 0.8346304744514597, 0.5508102859578161, 6.543670177459717], [0.0, 0.0, 0.0, 1.0]]}, {"file_path": "./train/96", "rotation": 0, "transform_matrix": [[-0.4727293217545769, 0.5423886003146987, -0.6945081674121043, -8.737594604492188], [-0.8812076874116892, -0.29096771691558926, 0.3725732134218346, 4.6873369216918945], [7.891488525332755e-09, 0.788132218578578, 0.615505975631763, 7.7436699867248535], [0.0, 0.0, 0.0, 1.0]]}, {"file_path": "./train/97", "rotation": 0, "transform_matrix": [[-0.47272934683192386, 0.5902162529422438, -0.6543483318590185, -8.737594604492188], [-0.8812076739587908, -0.3166251763094554, 0.3510292481875886, 4.6873369216918945], [1.1595751674355871e-08, 0.7425585986909206, 0.6697811041752195, 8.943670272827148], [0.0, 0.0, 0.0, 1.0]]}, {"file_path": "./train/98", "rotation": 0, "transform_matrix": [[-0.4727293342250698, 0.6301556370507848, -0.6159795854216616, -8.737594604492188], [-0.881207680721816, -0.3380509246973196, 0.3304460557309852, 4.6873369216918945], [-2.368638620161684e-08, 0.6990174857644169, 0.7151045759856337, 10.143670082092285], [0.0, 0.0, 0.0, 1.0]]}, {"file_path": "./train/99", "rotation": 0, "transform_matrix": [[0.4566788312003347, 0.3430278744046301, -0.8208387920383257, -8.821122169494629], [-0.8896316345170603, 0.1760881286572622, -0.4213650742675373, -4.528188228607178], [1.0449739090474718e-09, 0.9226726658612061, 0.3855841693749566, 4.143670082092285], [0.0, 0.0, 0.0, 1.0]]}, {"file_path": "./train/100", "rotation": 0, "transform_matrix": [[0.4566788274741837, 0.42205380895539163, -0.783144323150625, -8.821122169494629], [-0.8896316364298229, 0.21665486950320084, -0.4020151974537113, -4.528188228607178], [-1.4208921492647066e-08, 0.8803017947651799, 0.47441411249371895, 5.343669891357422], [0.0, 0.0, 0.0, 1.0]]}, {"file_path": "./train/101", "rotation": 0, "transform_matrix": [[0.4566788067737543, 0.49001822746150675, -0.7425137064049278, -8.821122169494629], [-0.8896316470560723, 0.25154335998291494, -0.3811580651184042, -4.528188228607178], [-6.90951486528581e-09, 0.8346305019611905, 0.5508102442729358, 6.543670177459717], [0.0, 0.0, 0.0, 1.0]]}, {"file_path": "./train/102", "rotation": 0, "transform_matrix": [[0.45667882402751464, 0.5475736259175098, -0.7011473282302351, -8.821122169494629], [-0.8896316381991174, 0.281088586710562, -0.3599232622882456, -4.528188228607178], [2.5784889714826635e-08, 0.7881321783943411, 0.6155060270861606, 7.7436699867248535], [0.0, 0.0, 0.0, 1.0]]}, {"file_path": "./train/103", "rotation": 0, "transform_matrix": [[0.45667878533704825, 0.5958584942357524, -0.6606036193287017, -8.821122169494629], [-0.8896316580602773, 0.30587481936165356, -0.3391107604565179, -4.528188228607178], [-1.4372940513831714e-08, 0.7425585833640185, 0.6697811211675215, 8.943670272827148], [0.0, 0.0, 0.0, 1.0]]}, {"file_path": "./train/104", "rotation": 0, "transform_matrix": [[0.45667877823964537, 0.6361796742320615, -0.6218680853682177, -8.821122169494629], [-0.8896316617036202, 0.3265730710690714, -0.3192264646719798, -4.528188228607178], [-1.7862730442761296e-08, 0.6990174900147373, 0.715104571830929, 10.143670082092285], [0.0, 0.0, 0.0, 1.0]]}, {"file_path": "./train/105", "rotation": 0, "transform_matrix": [[0.9915756229346819, 0.04994436632548578, -0.11951294605206293, -1.284342646598816], [-0.12952908554335427, 0.38233591700696606, -0.914899700822306, -9.831945419311523], [6.014072948161922e-09, 0.9226726433783481, 0.38558422317466773, 4.143670082092285], [0.0, 0.0, 0.0, 1.0]]}, {"file_path": "./train/106", "rotation": 0, "transform_matrix": [[0.9915756233116619, 0.061450421104279535, -0.11402468592456379, -1.284342646598816], [-0.12952908265748156, 0.47041742294042804, -0.8728858258329077, -9.831945419311523], [-2.669163993278088e-09, 0.8803018197982967, 0.474414066043374, 5.343669891357422], [0.0, 0.0, 0.0, 1.0]]}, {"file_path": "./train/107", "rotation": 0, "transform_matrix": [[0.991575622903541, 0.07134595341047882, -0.10810892190473535, -1.284342646598816], [-0.12952908578174394, 0.546170048221723, -0.8275992353561149, -9.831945419311523], [-1.3983574726324194e-09, 0.8346304771319043, 0.5508102818961983, 6.543670177459717], [0.0, 0.0, 0.0, 1.0]]}, {"file_path": "./train/108", "rotation": 0, "transform_matrix": [[0.9915756239892747, 0.07972592250396082, -0.10208603817943743, -1.284342646598816], [-0.12952907747020018, 0.6103207290778073, -0.7814926907832555, -9.831945419311523], [-4.5245850210245116e-10, 0.7881322128544337, 0.6155059829613144, 7.7436699867248535], [0.0, 0.0, 0.0, 1.0]]}, {"file_path": "./train/109", "rotation": 0, "transform_matrix": [[0.9915756231580287, 0.08675613340838313, -0.09618293442598702, -1.284342646598816], [-0.12952908383358114, 0.6641386149077405, -0.7363030059898309, -9.831945419311523], [-9.692102490582655e-10, 0.7425585993741198, 0.6697811034177846, 8.943670272827148], [0.0, 0.0, 0.0, 1.0]]}, {"file_path": "./train/110", "rotation": 0, "transform_matrix": [[0.9915756229483086, 0.09262684012151917, -0.0905430972729366, -1.284342646598816], [-0.12952908543903927, 0.70908025408701, -0.6931287104782397, -9.831945419311523], [1.710161051156908e-10, 0.6990174974583997, 0.7151045645547204, 10.143670082092285], [0.0, 0.0, 0.0, 1.0]]}, {"file_path": "./train/111", "rotation": 0, "transform_matrix": [[0.6698795166991026, -0.28628460275450707, 0.6850566103123675, 7.361942768096924], [0.7424698196606895, 0.25829494871732994, -0.6180795145934991, -6.64217472076416], [-1.3723002448360032e-08, 0.9226726644334958, 0.3855841727913554, 4.143670082092285], [0.0, 0.0, 0.0, 1.0]]}, {"file_path": "./train/112", "rotation": 0, "transform_matrix": [[0.6698794898782987, -0.3522381797223923, 0.6535975319615628, 7.361942768096924], [0.7424698438592574, 0.3178003114015978, -0.5896961022701925, -6.64217472076416], [-1.753565810130763e-08, 0.8803017816742751, 0.4744141367846204, 5.343669891357422], [0.0, 0.0, 0.0, 1.0]]}, {"file_path": "./train/113", "rotation": 0, "transform_matrix": [[0.6698794620499751, -0.40896003539494863, 0.6196879825955949, 7.361942768096924], [0.7424698689668396, 0.3689764937172625, -0.5591018160947779, -6.64217472076416], [-5.173461807335064e-10, 0.8346304790348105, 0.5508102790127675, 6.543670177459717], [0.0, 0.0, 0.0, 1.0]]}, {"file_path": "./train/114", "rotation": 0, "transform_matrix": [[0.6698794924039936, -0.45699462423954434, 0.5851644034566058, 7.361942768096924], [0.7424698415804964, 0.41231484351651837, -0.5279536003849025, -6.64217472076416], [-1.221883416605668e-08, 0.7881322117716713, 0.6155059843477504, 7.7436699867248535], [0.0, 0.0, 0.0, 1.0]]}, {"file_path": "./train/115", "rotation": 0, "transform_matrix": [[0.669879493921756, -0.4972922681183248, 0.5513273652675552, 7.361942768096924], [0.7424698402111239, 0.44867263714296995, -0.49742476924258705, -6.64217472076416], [-1.1188798991873077e-08, 0.7425585934785922, 0.6697811099539124, 8.943670272827148], [0.0, 0.0, 0.0, 1.0]]}, {"file_path": "./train/116", "rotation": 0, "transform_matrix": [[0.669879484363928, -0.5309435899763669, 0.5189994033631691, 7.361942768096924], [0.742469848834495, 0.47903388415930076, -0.46825747340425394, -6.64217472076416], [3.8930991679209075e-09, 0.6990174833938426, 0.7151045783028792, 10.143670082092285], [0.0, 0.0, 0.0, 1.0]]}, {"file_path": "./train/117", "rotation": 0, "transform_matrix": [[-0.23050576760575128, -0.3752007750099421, 0.8978259683994567, 9.648462295532227], [0.9730709589235943, -0.08887937210327673, 0.21268137227797812, 2.2855746746063232], [-7.3795153377636875e-09, 0.9226726589893439, 0.3855841858187831, 4.143670082092285], [0.0, 0.0, 0.0, 1.0]]}, {"file_path": "./tra